[soe][Equalizer#0]
mode=2
numBands=10

[soe][Equalizer#0#left]
band0Frequency=31
band0Gain=6.199999809265137
band0Mode=6
band0Q=1.409999966621399
band10Type=0
band11Type=0
band12Type=0
band13Type=0
band14Type=0
band15Type=0
band16Type=0
band17Type=0
band18Type=0
band19Type=0
band1Frequency=62
band1Gain=5.900000095367432
band1Mode=6
band1Q=1.409999966621399
band20Type=0
band21Type=0
band22Type=0
band23Type=0
band24Type=0
band25Type=0
band26Type=0
band27Type=0
band28Type=0
band29Type=0
band2Frequency=125
band2Gain=-4
band2Mode=6
band2Q=1.409999966621399
band30Type=0
band31Type=0
band3Frequency=250
band3Gain=-3.200000047683716
band3Mode=6
band3Q=1.409999966621399
band4Frequency=500
band4Gain=-3.299999952316284
band4Mode=6
band4Q=1.409999966621399
band5Frequency=1000
band5Gain=3.0999999046325684
band5Mode=6
band5Q=1.409999966621399
band6Frequency=2000
band6Gain=-1.100000023841858
band6Mode=6
band6Q=1.409999966621399
band7Frequency=4000
band7Gain=3.700000047683716
band7Mode=6
band7Q=1.409999966621399
band8Frequency=8000
band8Gain=3.799999952316284
band8Mode=6
band8Q=1.409999966621399
band9Frequency=16000
band9Gain=12
band9Mode=6
band9Q=1.409999966621399

[soe][Equalizer#0#right]
band0Frequency=31
band0Gain=6.199999809265137
band0Mode=6
band0Q=1.409999966621399
band10Type=0
band11Type=0
band12Type=0
band13Type=0
band14Type=0
band15Type=0
band16Type=0
band17Type=0
band18Type=0
band19Type=0
band1Frequency=62
band1Gain=5.900000095367432
band1Mode=6
band1Q=1.409999966621399
band20Type=0
band21Type=0
band22Type=0
band23Type=0
band24Type=0
band25Type=0
band26Type=0
band27Type=0
band28Type=0
band29Type=0
band2Frequency=125
band2Gain=-4
band2Mode=6
band2Q=1.409999966621399
band30Type=0
band31Type=0
band3Frequency=250
band3Gain=-3.200000047683716
band3Mode=6
band3Q=1.409999966621399
band4Frequency=500
band4Gain=-3.299999952316284
band4Mode=6
band4Q=1.409999966621399
band5Frequency=1000
band5Gain=3.0999999046325684
band5Mode=6
band5Q=1.409999966621399
band6Frequency=2000
band6Gain=-1.100000023841858
band6Mode=6
band6Q=1.409999966621399
band7Frequency=4000
band7Gain=3.700000047683716
band7Mode=6
band7Q=1.409999966621399
band8Frequency=8000
band8Gain=3.799999952316284
band8Mode=6
band8Q=1.409999966621399
band9Frequency=16000
band9Gain=12
band9Mode=6
band9Q=1.409999966621399
